TILES
0 0 0 0 0 0 0 0 0 0 0 0 0 0 0 0 0 0
0 0 0 0 0 0 0 0 0 0 0 0 0 0 0 0 0 0
1 1 1 1 1 1 1 1 1 1 1 1 1 1 1 1 1 1
0 0 0 0 0 0 0 0 0 0 0 0 0 0 0 0 0 1
0 0 0 0 0 0 0 0 0 0 0 0 0 0 0 0 0 1
1 0 0 1 1 1 1 1 1 1 1 1 1 1 1 0 0 1
1 0 0 1 0 0 0 0 0 0 0 0 0 0 0 0 0 1
1 0 0 1 0 0 0 0 0 0 0 0 0 0 0 0 0 1
1 1 1 1 0 0 0 0 1 1 0 0 0 0 1 1 1 1
0 0 0 1 0 0 1 1 0 0 1 1 0 0 1 0 0 0
0 0 0 1 0 0 0 0 0 0 0 0 0 0 1 0 0 0
0 0 0 1 0 0 0 0 0 0 0 0 0 0 1 0 0 0
0 0 0 1 0 0 0 0 0 0 0 0 0 0 1 0 0 0
0 0 0 1 0 0 0 0 0 0 0 0 0 0 1 0 0 0
0 0 0 1 0 0 0 1 0 0 1 0 0 0 1 0 0 0
0 0 0 1 1 0 0 1 0 0 1 0 0 1 1 0 0 0
0 0 0 0 1 1 1 0 0 0 0 1 1 1 0 0 0 0
0 0 0 0 0 1 1 0 0 0 0 1 1 0 0 0 0 0
0 0 0 0 0 0 1 1 1 1 1 1 0 0 0 0 0 0
PLAYER
8.406849,17.02192
EXIT
1.515244,6.545731
SLOW ENEMY
8.481708,9.734756 4.54878,3.503049
DEAD ZONE
0,4 0,3
PUSH MINE
7.993903,14.96646 8.996951,14.96646 4.404762,7.714286 14.51524,3.460366
